R        1920    1080       
NO ./src/Meme1.xpm
SO ./src/Meme2.xpm
WE ./src/Meme3.xpm
EA ./src/Meme4.xpm
S ./src/Meme5.xpm
F 220,100,0
C 220,30,0
111111111111111111
1001100000000000011111111
1011000001110000002000001
1111100000000000000000001111111111111
    111111111011000001110000000000001
    100000000011000N01110111111111111
11111111111111011100000010001
111101111111110111010100100011
110000001   101011100000010001
100000001 1 100000110000001011
10000000111110001101010010001
11000001110101011111011110111
11110111 1110101 101111010001
1 111111 1111111 111111111101111111
                         100000000111111
                         111000000000001
                         100000000000001
                         100000000000001
                         111111111111111